# AI 配音
1850741
22951634
32356793
85341187
87464084
89101133
107887403
264361296
297993336
298267762
328273590
340371068
351869170
385354920
420940430
436111669
437219902
491930148
504343620
604015611
618462598
697081014
1033739762
1262347757
1340956639
1405225420
1563150459
1779090911
1786840491
1805801207
1926030954
3461565271509949
3493114467584771
3493141279672411
3537104715909319
3546630663965669
3546632826128697
3546673854810619
3546795384769164
3546859811375998
3546866159455131
3546917675993491
3546956494276853
3546973657368781
3706992367504041
3707016793033402
3707035709344385
3707038995581753
3707044504800008
