# 标题党
170914
437105
1850741
1879448
2886328
3026109
3107068
4148583
4605384
5188951
5814222
7580078
7949531
8428802
10021847
10843958
11095489
12598849
12780438
12957735
13043933
13927744
14139999
14583962
14702822
14781644
15201928
15919839
16032235
19215777
20788076
21334765
21369678
21998510
22303555
22429814
22757022
25614060
27647877
28554995
29762062
30481953
32356793
34900018
36839599
37198799
37938807
39787590
41647842
43851337
44353948
44418389
51290830
59420725
60400773
61945890
65553886
67851067
71818725
71888439
73229864
85341187
86883701
87464084
89101133
90683049
92364342
92374384
95685771
98676136
105222852
107887403
110586262
112587138
113967396
118745762
129496662
176668720
176982476
205009031
207756492
210495799
215168397
219450887
221567642
246512655
251129877
259968326
260487662
263028401
271119755
275966032
280534030
282064491
285740399
288018527
292057296
297993336
299649160
317112315
317771046
319759808
319968600
320063728
320463364
320999534
321389521
324247002
324623953
325434749
326757594
335395960
335453245
339829775
340371068
343666069
344721864
346003841
350882304
354591288
356148899
356286288
360145093
364668836
373572310
380456818
381318488
383134949
383761562
384092741
384593152
385354920
385921976
387377445
388139706
389085120
392370153
396619849
396883631
397684679
400648693
400925524
401441053
404423008
406869095
408039753
412335640
413010507
413276548
414133455
420940430
430426421
434548427
436111669
436389837
437219902
437555998
441148241
444417687
446019397
449709063
451960485
453812070
454172041
472095665
472948349
475358610
475695623
480860953
486879269
487847919
489460710
490265189
491165217
491365061
491930148
492965884
493969794
494838135
497003011
500075164
502649765
514297335
517086849
517682480
521992913
522721786
525309123
538792205
543897684
545452289
574722217
596847138
604015611
618462598
622759881
622971788
631480613
643477611
645672071
650792821
651360427
669818914
670053974
672607711
678352401
687147412
688199209
689766801
693612555
695521910
697081014
698056492
698320813
702679983
1014433885
1033642265
1033739762
1061820168
1099721004
1117149980
1159726574
1175399938
1176459190
1179284529
1234136673
1234431848
1240188952
1251125029
1262347757
1262984530
1263001886
1273973559
1293932960
1296524087
1340956639
1363455119
1381754895
1382348529
1384138608
1405225420
1415604344
1427748260
1439391711
1446478570
1449327479
1455990007
1476175832
1497623389
1526687911
1531575590
1533872516
1560855350
1575190392
1623929665
1637549845
1654361921
1681912918
1685359694
1691105881
1693731338
1740980306
1764471958
1779090911
1792985094
1805801207
1807628254
1816188631
1824572595
1847157451
1908575732
1926030954
1937517031
1954026455
1955843193
1964576608
1965994317
1972480148
1992372250
2014663121
2015234036
2025190588
2037203742
2046656641
2053632613
2059948388
2072152919
2084002157
2093064881
2095304341
2100077974
2114129991
2121761371
2135526770
3461565271509949
3461570938014394
3493075443779614
3493086128769103
3493090505525871
3493092179053314
3493095108774424
3493095146523345
3493095796639751
3493103811955433
3493108968852167
3493114467584771
3493114842974938
3493129074248622
3493132326931134
3493136324103037
3493141279672411
3493142137408220
3493258596453327
3493262235011450
3493263633811654
3493270688631313
3493272299243771
3493278456482558
3493280813681325
3493284955555994
3493290148104538
3493292572412455
3493293836995000
3493293925075460
3493294885570816
3494350218594424
3494358904998139
3494370508540207
3494376653196131
3537104801893006
3537104931916468
3537107368806438
3537108891338981
3537113704302879
3537118678747753
3537122613005110
3537125670652409
3546372955441591
3546372963830257
3546377810348504
3546383233583104
3546388726024556
3546388918962683
3546391460711351
3546393696274727
3546559805393675
3546562074511831
3546562198243711
3546563724970822
3546564060514374
3546564372990847
3546565926979734
3546569378892255
3546572411374129
3546575517256375
3546581951318214
3546594039302882
3546595100461885
3546599795984741
3546601119287659
3546609122019943
3546611573590728
3546619540671408
3546630663965669
3546632826128697
3546633058912804
3546633417525775
3546636760385551
3546641680304876
3546645614562148
3546650295405127
3546651551599575
3546659770337478
3546661806672079
3546668026825622
3546668345592440
3546670279166950
3546673649290058
3546684030191968
3546687633098756
3546691240200413
3546693626759923
3546694325111380
3546697418409986
3546724557654138
3546725490886949
3546728674363416
3546728938605333
3546729500641960
3546734795950752
3546735095843465
3546739690702974
3546750723820015
3546762310584972
3546766720895476
3546769772251929
3546770399300193
3546777603017393
3546780398520638
3546780710996335
3546782527130177
3546787598043935
3546796206852356
3546814280108858
3546822278646661
3546827485875043
3546828645599364
3546829132139230
3546829933251267
3546830333807455
3546830417693175
3546830690323243
3546831141210788
3546840490313796
3546848482560817
3546849917012767
3546851034794234
3546854472026279
3546854524455522
3546855008897347
3546865618389611
3546867826690373
3546868105611544
3546875628096050
3546877599418493
3546879944034894
3546880868879192
3546882001340574
3546882171210265
3546885923015254
3546890775825217
3546893055429308
3546893382584849
3546897805478259
3546898933746298
3546900571621639
3546903595714837
3546903805430748
3546904312941471
3546907974568044
3546908190575092
3546908410776139
3546908832303222
3546909201402125
3546910939940972
3546912571525350
3546912802212411
3546913303431611
3546913452329049
3546914540751734
3546915356542987
3546917675993491
3546918850398891
3546918856689961
3546918858786858
3546919357909566
3546919605373494
3546924856642147
3546925408193425
3546927098497052
3546930504272074
3546931078891604
3546934843279573
3546936709745164
3546938406340859
3546939341670413
3546939689797974
3546940071479619
3546940126005520
3546942879566467
3546943082989762
3546943603083817
3546944024611235
3546945681361801
3546946331478537
3546950775343246
3546956494276853
3546960424339841
3546961602939809
3546963299535796
3546963658148268
3546964884981858
3546968328505580
3546969658100255
3546969821677670
3546969972673005
3546971467942113
3546972839479898
3546973523151510
3546973607037706
3546973657368781
3546974882105801
3546975230233293
3546975316216047
3546975611914538
3546976356403291
3546976792611530
3546977140738563
3546977503545377
3546978902346532
3546980670245538
3546981999839904
3546982966626433
3546983270714034
3546983344114088
3632299182656014
3632300877154483
3632301189630892
3632302208846089
3632303104330367
3632303397931820
3632304721234745
3632305327311541
3632308559022277
3632310152858050
3632310356282063
3632313512495239
3632314007423101
3632314034686602
3632316245084972
3632317014739508
3632317161539890
3632317501278870
3632319093017567
3632319153834539
3632319839603367
3632319906712455
3690971256588388
3690973311797884
3690973313894555
3690973475375375
3690973630564375
3690975188749264
3690976876956609
3690977239763718
3690980549068977
3690980809116577
3690981098523196
3690981666851189
3690982243568390
3690982457477455
3690982459574743
3690983652854079
3690985378810126
3690985613691763
3690986217670669
3690986448357743
3690987266247424
3690987547265688
3690987570334688
3690987870227151
3690988121885329
3690988140759486
3690989768149376
3690991976450788
3690992051947810
3690992251177822
3690992865642726
3690994105059691
3690995013126708
3690996118326235
3690997275953709
3690997601011962
3690998530051005
3690998647490774
3690998775416972
3690998922217592
3690998957869718
3691002558679376
3691005584870035
3691005601647136
3691006132226789
3691006845258314
3691007497472090
3691008533465183
3691009131153598
3691009177291127
3691010890664747
3691012780198412
3691012796975132
3706926191872493
3706928901392729
3706930428119888
3706931585747142
3706934081358612
3706935748594046
3706937000593875
3706938829310371
3706948352477322
3706951529663362
3706954455190035
3706955950459583
3706961872816890
3706972679441030
3706984731773211
3706992367504041
3706993822926955
3706995685198605
3706996752648385
3707011338340817
3707015910132039
3707016793033402
3707017986312768
3707019158621016
3707019854875604
3707033761090124
3707035193444922
3707035709344385
3707036265089155
3707036699200248
3707038995581753
3707039987533969
3707041197591406
3707042963392881
3707043231828953
3707043621899144
3707043760310482
3707044504800008
3707045893113939
3707047921060003
3707051224074628
3707051226172251
3745007966096294
