# 切片（未授权）
2886328
3026109
7316174
8197852
8428802
12967622
13400531
15201928
16032235
17498407
22863130
33270583
36821517
36839599
37512984
38145675
43851337
51290830
56838971
59420725
80509102
82845813
87742886
88270993
90333526
92364342
92374384
93404819
99818390
113967396
162441445
167504401
210495799
218673840
226699557
245516683
259413108
259939427
268091484
279416148
285740399
288018527
294659864
313203734
319968600
320063728
335395960
344074115
346003841
352745960
354591288
356190906
364266599
383134949
388139706
388340943
388435246
388456374
395944088
397684679
399589561
401441053
412335640
423747969
430323625
436361773
442907282
443345922
449572275
451805274
453812070
454172041
471764394
474230468
476625772
477682931
478907354
479344600
487847919
492965884
493969794
497003011
498284055
505622692
509061226
509459258
510166803
510779195
513965468
524974599
543897684
545452289
574722217
591750721
596301097
621981751
625248539
629303415
672607711
689766801
694728656
695521910
695644609
697139354
698056492
698749360
701045540
703159642
1008201622
1025592457
1061820168
1088272896
1091697832
1096456324
1099792483
1102461973
1106892819
1117097539
1138777947
1144360720
1165805836
1198721290
1207393089
1218153572
1230807294
1232515879
1235924706
1236281985
1297836410
1298908809
1320473929
1325837165
1334435804
1378845910
1397144778
1415604344
1417051235
1418556666
1424286786
1455990007
1476175832
1490204670
1490378803
1511035390
1575074772
1580888965
1584517071
1590554657
1611391219
1639488201
1643277712
1647487087
1670990235
1686667830
1739341856
1793577530
1827036818
1839751064
1865175977
1870912738
1906138409
1943558454
1944813495
1954026455
1995485175
2040094325
2043767695
2106080706
2131307623
2131790499
2135526770
2140155552
3461562736052897
3461565762243243
3461569631488099
3461571818817782
3461583111981133
3493078933441353
3493080665688221
3493080921540628
3493084910324112
3493090505525871
3493091497478211
3493107668618025
3493117852387394
3493118250846956
3493118676568399
3493120234752206
3493134872873448
3493136653355363
3493137045523067
3493138534500838
3493260123179162
3493271695264433
3493272586554243
3493279257594599
3493281860159697
3493285450484219
3493286568265920
3493290590603553
3493297966287551
3494351367834266
3494358781265951
3494373473913743
3537106131487500
3537112456497379
3537113156946021
3537114916456560
3537116264925420
3537119463082664
3546377390917693
3546384217148120
3546388268845708
3546556699511594
3546562074511831
3546563771108265
3546569378892255
3546572335876418
3546581951318214
3546584493066943
3546587252919153
3546587582171981
3546600899086939
3546603006724570
3546607188445434
3546614476049144
3546621736389341
3546629676206727
3546644247218215
3546644819741096
3546646331788202
3546650471565785
3546650928745116
3546651488684728
3546652015069301
3546656366659944
3546669798918186
3546685286385839
3546687633098756
3546687899437820
3546688696355367
3546696078330676
3546699217766558
3546707065310000
3546714608765903
3546721393052232
3546741204846814
3546753047464327
3546761782102356
3546769984064012
3546779142327144
3546800388573474
3546810631064390
3546812772255824
3546829933251267
3546833242556578
3546837552203808
3546841050253678
3546851034794234
3546854524455522
3546859194812830
3546866725685394
3546868105611544
3546869584104408
3546872675305899
3546877599418493
3546880151652985
3546882171210265
3546888078887325
3546889939060813
3546895278410199
3546896016607726
3546898153605922
3546903805430748
3546910939940972
3546914763049287
3546918762318327
3546921958378243
3546931320064634
3546942879566467
3546960562752481
3546963658148268
3546968328505580
3546970945751760
3546975230233293
3546981999839904
3690976876956609
3690978204453156
3690986448357743
3690986836331111
3690987570334688
3690987870227151
3690988014930495
3690988140759486
3690989768149376
3690992135833766
3690999515712047
3691000803363267
3691002558679376
3691010628520658
3706933332675366
3706956592187840
3706964670417487
3706984714996249
3706990545079180
3707010533034470
3707015910132039
3707017986312768
3707024198077156
3707025039034680
3707037068299118
3707037288499333
3707041197591406
3707045893113939
3707048638286795
3744988435320635
