# 假新闻，谣言，阴谋论
2886328
3026109
3315217
4688073
6367471
6989787
7205858
8428802
11572790
13353376
15201928
16032235
17498047
21128927
23014839
27441526
28591496
29767912
32356793
34383816
36323852
36839599
39255142
43851337
46086596
50065951
50067726
51290830
59420725
73483793
85881438
92364342
92374384
95987186
96763949
101162974
106622679
107887403
108259113
113967396
143747428
170042366
177714271
180578455
210495799
251541811
253903959
270774925
285740399
286630889
288018527
299615686
300980055
301180478
319968600
320063728
321453252
322260697
334518409
335395960
340371068
346003841
348732833
349151490
352442982
354311774
354591288
355102871
365175648
368927881
375301249
382187212
383134949
388139706
388645920
397295344
397684679
397840134
401441053
412335640
413781511
418832477
420940430
425568601
432271710
436111669
438426125
448641961
453812070
454172041
475501100
475515664
475580321
478967570
481535995
482354850
486137532
487847919
490191797
491770041
491930148
492892402
492965884
493969794
496615909
497003011
503682852
506425487
512782254
520318552
531222046
538539550
543492391
543897684
545452289
564423923
574267011
574722217
596134045
626119459
631899891
645912131
647344729
651721258
651906692
661528001
662879652
666713156
672607711
673381503
686927213
689057738
689766801
691569198
693223949
695521910
698056492
700444656
700626791
1005071572
1061820168
1065529335
1082562251
1084199510
1129516931
1153016348
1155847204
1179712687
1197566431
1202321582
1220566759
1221153529
1236501089
1262347757
1284151229
1284391735
1285869710
1321825534
1322380479
1337014895
1393116568
1397645573
1405225420
1408484152
1408484280
1415604344
1417321040
1421375414
1449575062
1451673680
1455990007
1476175832
1478597104
1484128054
1496480784
1543319426
1577443526
1612977040
1620542952
1636303198
1651437404
1652278185
1659443249
1660858376
1660896561
1671914218
1679522165
1682264102
1770514071
1781867063
1796843074
1805801207
1824561177
1912510381
1922908145
1925442803
1940480159
1943153693
1944318759
1954026455
1970460112
1990776835
2014776391
2038679962
2045171434
2047224448
2050993492
2052338330
2054578256
2070954796
2077866974
2080116705
2083201202
2127865655
2135526770
2140671256
3461565743368862
3461565984540686
3461578550675834
3493078052637075
3493079524837883
3493082074975206
3493089249331665
3493090505525871
3493104906668785
3493105848289939
3493107286935698
3493109933542290
3493114467584771
3493119995676840
3493140935740000
3493258659367177
3493265431070976
3493280914344392
3493296833825315
3494355281120017
3494359183920023
3494365896903302
3494373427776059
3537122004830357
3537122109688753
3537124190062855
3537125058283954
3546378556934940
3546384995191560
3546391353756044
3546559805393675
3546561392937045
3546562074511831
3546563026618663
3546566537251558
3546569378892255
3546581951318214
3546601500969693
3546611615533991
3546612552960450
3546614509603725
3546620750728053
3546621300181276
3546627671328805
3546635997022208
3546639077739123
3546642837932802
3546647468444405
3546648034674940
3546648609295015
3546649859197381
3546650295405127
3546651648068546
3546670358858671
3546676220398400
3546681909971892
3546687211571954
3546687633098756
3546690753661236
3546693712742575
3546694572575682
3546703254784924
3546712471767162
3546714732497857
3546716598962938
3546717058238518
3546717140028177
3546724557654138
3546724897393070
3546735095843465
3546748488256286
3546752477039323
3546754836334771
3546757183048664
3546762304293675
3546765129157164
3546767270349563
3546771154274879
3546775277275752
3546792301955597
3546795202317284
3546799480506862
3546804052298280
3546810605898552
3546812558346298
3546813481093232
3546825151744910
3546826110143064
3546829933251267
3546830111509144
3546836314884651
3546837178911071
3546840119118298
3546840672766528
3546841043962135
3546843313081162
3546851034794234
3546854524455522
3546855854049295
3546859182230155
3546860138531387
3546863686912070
3546867602295341
3546868105611544
3546868353075485
3546868506168169
3546869949007927
3546870299232771
3546870655748593
3546870781577594
3546874610977207
3546877599418493
3546878668966711
3546881883900802
3546882171210265
3546886074010454
3546887638485314
3546891295919004
3546894114491014
3546895622342950
3546896547186715
3546901293041978
3546903805430748
3546910939940972
3546911296456981
3546913079035953
3546929843668992
3546930799970715
3546932865665405
3546932972619981
3546933574502529
3546938406340859
3546939352156380
3546939763198632
3546942879566467
3546947703016388
3546956752226396
3546962209016740
3546963658148268
3546964301973907
3546968328505580
3546970262080399
3546971453262693
3546973523151510
3546973657368781
3546973999204716
3546974403955071
3546975230233293
3546979372107987
3546979380496632
3546981043538224
3546981999839904
3546983786613220
3632303104330367
3632308630325688
3632314837895442
3690970633734387
3690971046873240
3690972395342342
3690976428165790
3690976876956609
3690978263174055
3690982715427387
3690986448357743
3690987570334688
3690987870227151
3690988140759486
3690989768149376
3690994484644024
3690995061361156
3690997244496375
3690997823310508
3690998775417330
3690999295510618
3690999836576188
3691000188897469
3691001067604273
3691001950505767
3691002023905367
3691002401393341
3691002413976239
3691002441239463
3691002558679376
3691002571262878
3691003196214101
3691003842136587
3691006310484027
3691006742497793
3691006782343371
3691006966892602
3691008476842630
3691008533465183
3691008845941544
3691009328286377
3691009919683092
3691009957431704
3691010613840212
3706923968891153
3706924348476017
3706931128568026
3706933330577572
3706941394127323
3706946704116676
3706947299706915
3706952595016176
3706957124864337
3706958441875685
3706962518739051
3706968002791714
3706973061122276
3706980321462791
3706980919150660
3706992315074833
3706996148668714
3706997339851442
3707017986312768
3707019854875604
3707020670667662
3707032806885757
3707035359120033
3707036481096554
3707040270649482
3707041197591406
3707041239533842
3707045893113939
3707046962661794
3707048577468754
3744947488426694
