# 欺诈风险
272588
3790204
4017402
8430442
9092861
12181497
13168777
18158340
18322080
19002679
28620586
31900114
34148337
47006112
48752918
55503694
60685920
71584905
71965928
77004766
86282855
86708561
89017011
90949286
93014645
93630393
93630893
93631102
93632871
93697224
94577800
97966583
98071865
99705594
102512672
123913096
149233253
165971602
168272679
199293360
208633321
231702295
233884731
243657518
243809274
250704605
253842416
261517556
273143154
275711538
277725676
284813465
290047400
290767374
291129030
298803892
301892655
319348697
324302223
325559830
327114356
328456805
331387954
336054486
336592912
339657882
347723883
351203543
355285699
356615808
377955325
382583586
384101285
386341214
386809511
386917077
388285963
394930564
395023088
397092487
399668571
401831713
402815164
403767231
405210967
410923579
416959785
417985245
423230427
430398305
432610011
432629707
438213082
438960447
439007253
440138192
440223737
443168012
443953829
449111878
454512302
455357015
471312840
473055552
473123925
473916221
474567414
476607968
478645257
479172192
481263130
482048313
482138358
484772734
485065918
486055317
489260663
491923830
491977208
492468204
492496394
496878405
497278143
498186592
499322338
501326398
502303063
504068586
505248615
505634970
506161497
507821977
507872260
511245509
511318197
512268557
513007827
514396918
514653500
515018526
517392253
517818250
519817626
520381067
521466956
522560670
522657285
526517382
526697714
532748074
538897560
546771095
546935261
550517447
551828894
552000873
552402468
572616616
583824786
583857280
588768933
591076695
596961789
602971967
605672666
608193783
608354516
617632475
618690639
626597181
626871295
628843089
629246500
631479389
631692799
631776172
642048391
643205731
645674066
647604551
650391503
651740635
652146670
666628433
668244104
669735410
672565007
673652920
674836284
677450452
689086452
690688868
691418983
691684179
693586271
695256518
695927670
696899600
697887119
698225566
700185396
700919471
701188088
701336236
701803931
1010661870
1034846009
1054420134
1057812910
1062496343
1066016559
1066115382
1067108559
1083441088
1085002329
1085175096
1100679483
1102632233
1106480552
1117628463
1123284834
1127882388
1141054867
1163774539
1168898861
1170094719
1180876461
1186312972
1186841702
1192166921
1197983917
1200235429
1213268038
1214985530
1216961177
1223032496
1251497319
1261005618
1262848728
1267164161
1277991966
1286189380
1294740645
1296801901
1298949722
1302481871
1304330766
1311532531
1313153466
1333936479
1346720519
1348802273
1352739423
1359378833
1359421716
1359615462
1361457399
1371420249
1377543145
1383314866
1384079323
1391319036
1410683831
1412564126
1415628663
1428940585
1430487700
1431046536
1436946043
1450500887
1454391355
1468415128
1470950033
1486526108
1486546897
1490270113
1504785400
1524757608
1547954853
1558204420
1560028129
1564872069
1565709538
1573628226
1576497299
1576965881
1585134576
1592395512
1599435768
1600344724
1617949819
1624815945
1636505558
1649262125
1663541600
1674983018
1676581717
1686499355
1695887894
1708971511
1729681589
1730553123
1730990119
1735883085
1737598460
1743928593
1756012369
1759209386
1766534708
1770423666
1776314236
1787859081
1789564232
1798210443
1816670806
1818414094
1823755674
1837809664
1840843711
1845345495
1846660073
1859690198
1871165767
1880963047
1882059703
1885719579
1892578530
1894527846
1898078533
1898858194
1905137619
1911159551
1913717902
1913908567
1914470723
1916453915
1921261842
1926091733
1929650049
1930398280
1933531644
1935066220
1937243337
1948418534
1950128493
1964933049
1967954664
1977147382
1978767035
1982569501
1983009776
1984355083
1991395549
1991612094
1996891730
2006961985
2010159338
2020624371
2028920916
2029746618
2030152973
2033547088
2061146820
2064678800
2084032583
2089626538
2105752217
2106233826
2121338149
2127675427
2128576392
2131104384
2131306419
2139362477
2139610299
2143983755
2144249194
2147075411
3461570334033961
3461572720593230
3461573100177651
3461574694013497
3461577093155579
3461578450012820
3461579276290583
3493077306051145
3493080202218146
3493081965923125
3493084337801862
3493085222800306
3493090297907252
3493090778155860
3493094571903433
3493109906278587
3493110069856339
3493112187980332
3493112399792370
3493115465829024
3493118410229908
3493123781036450
3493124951247100
3493131754408302
3493132008163803
3493133086100250
3493135837563312
3493136726755856
3493137104243519
3493137135700808
3493137278306563
3493140677790662
3493141489387566
3493142674278693
3493144932911465
3493146130385124
3493259884104060
3493261274516439
3493261737986682
3493263805778710
3493265005349218
3493265655466718
3493266307681024
3493266536270197
3493269661026389
3493270667659659
3493270810266509
3493270883666519
3493273603672813
3493273750472771
3493277361768509
3493278783638207
3493281432340573
3493281744816194
3493282692729304
3493285377084363
3493286719260989
3493289892252450
3493291532225250
3493293327387608
3493296523446358
3493296533932060
3493296854796331
3493299232967486
3494350182942888
3494350289898102
3494350484933562
3494350575110324
3494352831646000
3494352886172149
3494353494346208
3494356512148084
3494358701575066
3494359666264941
3494360085694576
3494361062967935
3494363405486618
3494365758491129
3494366085647166
3494367127931448
3494372444211481
3494372691675333
3494373102717811
3494373356472737
3494377053751882
3494377542388205
3494377701771847
3494377970207066
3494381042535187
3537104852224319
3537105087105643
3537105600908138
3537107129731198
3537109461764162
3537111613442751
3537111961569483
3537112127245010
3537114834667917
3537115874855281
3537116193622467
3537116730493610
3537117948939106
3537118238346171
3537118685038882
3537118720690356
3537118760536873
3537118819256942
3537118934599983
3537118987028707
3537119014291826
3537120058673842
3537120278874719
3537124513024515
3537124907289539
3537124917775168
3546372949150587
3546374150817999
3546374765284135
3546375172130854
3546375178422490
3546375897746260
3546376004700368
3546378934421881
3546379672619682
3546380507286448
3546381237094721
3546381918669359
3546383114045496
3546383992752430
3546384936471321
3546385200711970
3546385290889524
3546385813080857
3546385943103742
3546386341562847
3546389453736689
3546389562787971
3546389778795404
3546389957052787
3546390554741419
3546390743485105
3546391334881981
3546391743826267
3546391913695550
3546391957735754
3546392198908747
3546392695933346
3546393188764173
3546555529300527
3546557840361805
3546558477896241
3546558603724970
3546558731652068
3546559471945768
3546560042371867
3546560535201946
3546560610699417
3546561032227660
3546561158056650
3546561302759486
3546562569439540
3546563773204580
3546563810953720
3546563928393899
3546564381378660
3546564681271665
3546564939221173
3546565178297183
3546565226531536
3546565253794700
3546565729848212
3546565937465372
3546566417713973
3546566419810645
3546566426101921
3546566723897986
3546567497747063
3546567990577623
3546568078657642
3546568080755102
3546568204486827
3546568303053508
3546568477117083
3546569020279207
3546569418738133
3546571016767807
3546571025156641
3546571276814517
3546571469752612
3546572199561252
3546572663032699
3546572786764534
3546573560613599
3546574028277881
3546574181370480
3546574189759217
3546574198147555
3546574539982916
3546574860847758
3546575580170817
3546576454682947
3546576941222662
3546576947513711
3546576947513780
3546578155473203
3546578195319305
3546578394549099
3546578627332981
3546578660887479
3546579197758294
3546581890501466
3546582140062113
3546582383331466
3546585118017794
3546585539545913
3546585579391233
3546585998821581
3546588056128149
3546588412644160
3546588605581394
3546589100509786
3546589507356725
3546590075685027
3546590149085655
3546590172154374
3546590281205780
3546590365092308
3546590484630174
3546590620944854
3546591300422282
3546592007162719
3546592351095585
3546592508382019
3546592963463847
3546593080903939
3546593433225898
3546593961707617
3546594771208410
3546595400354421
3546595492629209
3546595639429255
3546596622993839
3546596629284963
3546597061298463
3546597065493477
3546597306665686
3546598130846358
3546598143429023
3546598827101102
3546598877431967
3546599544326341
3546600173472379
3546600372701668
3546600431421922
3546600559348161
3546600649525346
3546600716634149
3546602088171801
3546602362898438
3546604223072465
3546604569102978
3546605483461217
3546605504432982
3546606930495651
3546607511407302
3546607763064992
3546607771454022
3546608283159226
3546610480973920
3546610493556776
3546610942348073
3546611361778274
3546611919620570
3546613041596626
3546613261798261
3546613391821338
3546613396015232
3546613400209933
3546616170547231
3546616485120034
3546616485120165
3546617412061907
3546617481267352
3546618582272409
3546618886359711
3546619257555684
3546621734291592
3546621793012288
3546622380214515
3546623881775134
3546624179571320
3546624638847393
3546627067349340
3546629277747962
3546629642652639
3546630619925365
3546631431522495
3546633870510710
3546633870510858
3546634736634411
3546636299012376
3546636433230366
3546637041403939
3546638073203470
3546639048379181
3546639495072082
3546640063400161
3546640306669894
3546640333933112
3546640629631734
3546641214737305
3546642219273106
3546643894897387
3546644016531581
3546646115780887
3546646233221678
3546646765898609
3546648246487589
3546648611391972
3546648749803869
3546649785797326
3546649875974296
3546650029066984
3546650316376229
3546651736148957
3546652843444764
3546652954593915
3546653401287023
3546653959129773
3546654317742834
3546654965762162
3546656337299547
3546656710593294
3546656890948462
3546657633340004
3546658715470481
3546658954545531
3546659478833378
3546659847932258
3546664392461026
3546664537164746
3546664577010371
3546665386510450
3546665413773768
3546666227468311
3546666388949934
3546667510926101
3546668853103310
3546669150899003
3546669157190348
3546669241076269
3546669335447681
3546669582911907
3546669700352813
3546670696499661
3546670990101106
3546672583936876
3546674800626197
3546675100518419
3546675775801829
3546675792578834
3546676033751693
3546677273168771
3546677367539932
3546677900216497
3546677904410624
3546677944256584
3546678883781197
3546680194501207
3546681234688390
3546685726787891
3546686372711117
3546686456597198
3546689078037044
3546689482787695
3546691040971113
3546692162947767
3546692909534107
3546693217814990
3546694310431289
3546695623248268
3546695629539470
3546696426457788
3546696552286481
3546698645244728
3546700010490779
3546702275414619
3546707451185361
3546707698649887
3546709256833666
3546711085549900
3546711110716216
3546711112812547
3546712771660401
3546713199478878
3546713522440889
3546714036243182
3546714805897480
3546715489569233
3546716940798149
3546717335063095
3546719337842706
3546720224938830
3546721632127208
3546723144173803
3546725883054996
3546726195530013
3546726252152875
3546727143443032
3546728127006923
3546729840380148
3546731333552594
3546731415341368
3546731444701378
3546733135006634
3546734244399154
3546735330723963
3546737429973020
3546737601940308
3546737736157749
3546737958456286
3546738182850715
3546738193337029
3546739113986569
3546741022395127
3546741829798686
3546742911929146
3546742968551754
3546743541074062
3546743964698881
3546745195727125
3546746590333536
3546746940557915
3546747735378796
3546747756349627
3546747934607796
3546749553609494
3546750115645952
3546750392470314
3546750832871473
3546751376034517
3546752170855055
3546753859062362
3546754769225802
3546754821655248
3546756170123521
3546756480501805
3546757088676515
3546758166612490
3546758609111762
3546759309560738
3546759584286886
3546760714651752
3546760733526642
3546760769177961
3546761062779825
3546761217968513
3546763359160553
3546763461921391
3546764795710101
3546764797806909
3546765628279097
3546768037907249
3546768690121441
3546768711092455
3546770590140850
3546770590141095
3546771802295210
3546773576485344
3546774486649014
3546776067901811
3546776355212149
3546777493965753
3546777540102671
3546778410420932
3546779662420578
3546779689683173
3546779907787303
3546780253817119
3546782011230809
3546783324047982
3546783330338991
3546784724945475
3546784750111310
3546784779471520
3546784836094634
3546785939196451
3546785941293455
3546786083899415
3546786979384168
3546788111845568
3546788120234272
3546789084924353
3546789143644863
3546791976897321
3546792111114312
3546793170176992
3546793883207863
3546795021961726
3546795107945055
3546795382672249
3546802661886427
3546803284740789
3546810824001878
3546811306346645
3546812619164440
3546813021817035
3546816108825204
3546816513575559
3546818382137484
3546820032596028
3546820657548200
3546822557567359
3546822807128662
3546824015087842
3546828765137767
3546830591756730
3546830832929549
3546831105558613
3546832105900235
3546833611655240
3546840052009418
3546841473878338
3546844491680111
3546844854487998
3546846010018231
3546848824396365
3546854459444112
3546854811765370
3546859341613820
3546862311180693
3546862489438626
3546863359757074
3546864272017822
3546865301719850
3546865935059226
3546867273042659
3546872014703056
3546872490756638
3546872975198260
3546873543526988
3546879822400377
3546882502560257
3546882924087779
3546883521776531
3546883557427428
3546883907651810
3546884725541080
3546888341031117
3546889999878274
3546891128146701
3546891428038856
3546893854443702
3546895039334946
3546895695743001
3546897174235148
3546899942476217
3546904193402942
3546905527192392
3546907947305693
3546909440477386
3546913295042972
3546915182479553
3546921595570235
3546922702867081
3546923369761643
3546924403657673
3546925380930041
3546927847181122
3546931777243448
3546932748224570
3546933914241261
3546934589524931
3546937150147227
3546937219352977
3546938932725869
3546939203258842
3546944269977859
3546945102547653
3546946386004428
3546955437312196
3546956009835162
3546957372983650
3546958960528226
3546961210772150
3546966235548301
3546969687460613
3546971358890017
3546971929316170
3546971956578823
3546972298414490
3546973980330452
3546974819191369
3546974957603169
3546975918099227
3546979080603894
3546979766373251
3546979770567203
3546980879960871
3546980892543738
3546981280516242
3546981389568825
3546982685608582
3632306331846817
3632308158466705
3632308645005670
3632308871498543
3632309370620889
3632310991719163
3632314426854276
3632314565265744
3632315206994283
3632315657881739
3632317981526402
3632319103503276
3690971059456810
3690972198209550
3690978414168778
3690978462402676
3690979850717557
3690980536486628
3690983185189182
3690985047459880
3690988635687351
3690990019807717
3690992364423571
3690992997763871
3691000157440402
3691001168267758
3691002827114750
3691004240595521
3691006432119673
3691009552681232
3691009565263994
3706923589306675
3706924193286712
3706927393540678
3706930874812676
3706936998496295
3706939756251876
3706946750253333
3706947909978886
3706948602038899
3706949212310382
3706952632764721
3706957059852538
3706966071314471
3706973302294901
3706985885206529
3706993416080127
3707004728117903
3707009895500582
3707012837804878
3707016220510710
3707017793375169
3707017812248608
3707044590782973
3707048793475364
3707051549133153
3707051599465258
3707051951786244
3707052046157839
3707052067129513
3707052354440018
3707054678083600
3707078279432683
3707080703740544
3744944678242833
3744944850209075
3744970259303790
