# 垃圾内容
31332209
45042528
108580266
364195514
389608822
629875897
695302758
696226032
1058675432
1129516931
1326370013
1345231021
1378700856
1447917094
1491365019
1507851390
1554297337
1670896583
1773682990
1907928340
3493084050491731
3493086478993914
3493105682614826
3493115941882394
3493273721113000
3546379253189398
3546392131799948
3546592881675034
3546653554379215
3546677013121363
3546760561559731
3546780371257377
3546813938272757
3546818837220171
3546819636234255
3546847251532675
3546904929503814
3546926244956232
3546957175851706
3546966170536296
3546984470285079
3632307239913970
3632309236402406
3632312736549540
3632312753326940
3632312765909438
3632312772201006
3690972856716260
3690972860909696
3690972904950440
3690972944796622
3690974020634861
3690974026926902
3690974029023368
3690974410705424
3690974410705751
3690974421190763
3690974450551540
3690974452648047
3690974765124075
3690974773512959
3690974775609900
3690974786095675
3690974788192426
3690975163583017
3690975257955034
3690975572527955
3690975583013712
3690975587207565
3690975608179507
3690975612373501
3690989210306785
3690989625542968
3690989627640073
3690989648611958
3690990242105741
3690990346963074
3690990808336653
3690991179533103
3690991267613415
3690991663975084
3690992007907541
3690992383298118
3690992393784071
3690992412657862
3690992483961149
3690992892905863
3690993452845964
3690993457039800
3690993459136899
3690994014882238
3690997120764351
3690997137541790
3690997137542030
3690997158512882
3690998152562858
3691000776100461
3691000811752398
3691000864180988
3691003506592258
3691012706798052
3706923329259625
3706923427826234
3706926638566050
3706926688897544
3706926793754775
3706926797949643
3706938487475156
3706938556680560
3706939095649008
3706939104037097
3706939947092404
3706940603500610
3706941396224999
3706941423487444
3706941786294376
3706941788391794
3706942421731971
3706942788733673
3706942853745083
3706942885202901
3706942897785475
3706943424170870
3706943428364958
3706943505959283
3706943510153912
3706943518542666
3706943596136512
3706943604525497
3706943615011054
3706943619205520
3706943629691065
3706943631788269
3706943663245785
3706943738743456
3706944063802114
3706944275614326
3706944281905550
3706944585992795
3706944810387515
3706944835553702
3706944867010573
3706945215138350
3706945278053008
3706945424853455
3706945439533826
3706945443728010
3706945762495328
3706946139982245
3706946156759270
3706946158856312
3706946169342291
3706946374863235
3706946387446427
3706946473429556
3706946534247231
3706946546829743
3706946603452583
3706946637007283
3706946657978994
3706946725087727
3706946727185242
3706946764933132
3706946785904676
3706946800585146
3706947020786263
3706947136129559
3706947167586914
3706947301804460
3706947305998592
3706947314387578
3706947322775697
3706947511519970
3706947647834519
3706947693971789
3706947712846377
3706948220356786
3706948256009161
3706948268592029
3706948746742201
3706948971137364
3706949239573027
3706949453482130
3706949491231099
3706949514299857
3706949581408857
3706949583506175
3706949891787269
3706949900176168
3706950250399761
3706950648859168
3706950760007932
3706951181535418
3706951181535511
3706951200409770
3706951223478316
3706951229770041
3706951812778843
3706952035076518
3706952131545185
3706952324483494
3706952330775022
3706952341260548
3706952341260959
3706952355941264
3706952448215115
3706952450312804
3706952477575508
3706952496450125
3706952519518319
3706952936852179
3706952945240364
3706953375156823
3706953555511880
3706953685535021
3706954572630238
3706955161929797
3706956061608663
3706956265032108
3706956416027238
3706956481038775
3706956483135809
3706956676073578
3706956978063469
3706957571557629
3706958295075177
3706958341213009
3706958355892399
3706958387350218
3706958722894067
3706959232502132
3706959930853786
3706959983282688
3706960006351701
3706960018933769
3706960029420047
3706960031517566
3706960207677538
3706960415296187
3706960566291134
3706960604039902
3706960664857208
3706960698411220
3706961342236829
3706961424026122
3706961430317861
3706961436609192
3706961845553541
3706961847650796
3706961858136321
3706961942022428
3706961954605459
3706961958799940
3706962489379805
3706962611013949
3706962850089056
3706962850089826
3706964561365324
3706964567656755
3706964571850902
3706964720749064
3706964957727230
3706965022738446
3706965066779524
3706966023080684
3706966404762396
3706966425733989
3706966429928193
3706968606771553
3706968606771690
3706968606771935
3706968606772060
3706968610966147
3706968617257566
3706968621451791
3706968621452151
3706968625646206
3706968629840193
3706968657103702
3706968663395220
3706968667588833
3706968669686185
3706968669686429
3706968684366070
3706968684366446
3706968686463115
3706968688560218
3706968688560597
3706968692754545
3706968701143574
3706968707435066
3706968764058038
3706968764058157
3706968764058227
3706968766155483
3706969370134785
3706970905250629
3706971087702173
3706971171588411
3706971171588537
3706971171588751
3706971301612012
3706973275032011
3706973560245092
3706973574924540
3706973646228079
3706973658810511
3706974554294868
3706980654910334
3706981539908346
3706982303271122
3706989534251564
