# 封建迷信
248431331
470215588
506597662
629681155
632020435
1159726574
1294136568
1525821799
1527733715
3493080296589924
3493090044152226
3493095748405346
3493112531913517
3493115392428156
3493115434371335
3493118745774694
3493135655111461
3493138144430235
3493285681170732
3493294594067147
3546382107412715
3546579392793127
3546607159085367
3546610430642557
3546611363875525
3546611374361186
3546632186497363
3546649387338583
3546650163284413
3546650165381232
3546658354760175
3546664572815802
3546682021120474
3546689122077638
3546691686893872
3546692850812983
3546714556336857
3546848606292751
3546894653459252
3546948248275279
3546955894491671
3546983964870958
