# 对立引战
38110
65067
170914
244567
407982
746360
1444574
1589090
1653918
1904752
2201399
2346377
3194749
3760239
5239383
8099374
9221427
11534466
12561241
13180238
13401184
14279374
14529706
15516254
16695390
18809396
19257813
19952866
20631880
21975303
22043471
22499468
23160122
23566900
25082892
25586618
25750714
27477987
29744785
29922463
30813767
32026774
33022120
35912244
37321839
51270101
52456147
54182662
70382026
75919750
86883701
87620982
88928614
91848986
92374384
94826669
95392367
96827086
108201503
112337015
113967396
118745762
137436044
150996103
175337542
180355695
208670653
228662608
231956484
239493206
240881765
243892033
244320144
245728860
265457911
266017459
267462254
267936015
269618112
273710185
275898573
277463278
285046818
285853464
287863509
298003789
298041700
299447457
299945144
302084053
305008287
307009947
312278746
312701431
313054555
320901830
323432471
325672915
328273590
329086333
331017612
335350572
337013397
340351456
348722176
349945644
355087547
356729346
360978227
373838238
382903175
383758837
384902965
384916621
388139706
393627396
393770153
397314913
397852790
398212211
398524915
399658243
401412078
401779246
401874092
402967489
403760025
404101996
406573419
415404043
424013895
429974265
432496619
432953522
434121860
434967552
436684232
437326561
438427020
439995063
443014411
454756514
470135783
471072912
473934297
474968838
476008022
479981011
480202312
480772399
480853355
481373958
482874477
484510299
485371330
486408028
491528929
492280043
497327730
498201272
502385311
505305244
506709111
506808861
508870866
511570264
514281219
515430901
517598179
517837083
519591909
519633344
520416380
522653994
523276488
523358356
534973206
548277944
561806528
562991115
570518080
591386943
594112860
600290783
601789747
604692037
605129565
613047138
616487096
618600343
618933318
623673567
630969172
645632082
647940953
650732590
652645073
662146947
670971744
687827376
692587049
693068688
695025972
699865954
700686513
1034195146
1067231038
1078973039
1083154893
1102691033
1106751351
1122767781
1140146166
1142788648
1149172207
1153624762
1166528122
1182044353
1189785458
1226974365
1242771265
1247778575
1251125029
1257271496
1270294205
1284274970
1298712729
1303171186
1319532220
1335469330
1358495542
1381015733
1390146929
1431255715
1440231878
1455314050
1510690100
1514150219
1518191121
1536302513
1555405692
1564270215
1575519386
1598924877
1624089480
1631904353
1641520135
1647047249
1648186395
1674130166
1676634513
1677454333
1685024055
1689903250
1710050802
1743517659
1746503494
1749779265
1752501224
1758744485
1758928498
1795045259
1796958617
1808365078
1811465803
1813139514
1833034220
1834892859
1838004687
1849381184
1876331376
1884385877
1888878632
1900297677
1908575732
1913924742
1935612499
1974635798
1982125367
1984645282
1985736588
1988219035
1991752621
2002737835
2025190588
2036052738
2056631109
2062581006
2083134131
2084002157
2121293170
2129540368
2136675463
2142550323
3461562574572057
3461565919529783
3461568157191130
3461571290336103
3461576076036722
3461577395144991
3493075523472073
3493078027471076
3493080126720821
3493094706121155
3493111370090967
3493114803129310
3493117762210162
3493118961781445
3493119645452836
3493124858972662
3493126459099740
3493127828539417
3493129395112163
3493130976365062
3493133549570685
3493285314169714
3493295516813318
3494353611786439
3494363353057989
3494367664801943
3494376881785299
3537105544285036
3537121933527518
3546372955441591
3546373943200130
3546375130188068
3546381042059540
3546388726024556
3546391460711351
3546554187122821
3546557471263260
3546565371234323
3546569641036650
3546580950977028
3546581720632021
3546585472436813
3546599292668605
3546599313639554
3546602581002688
3546606276184673
3546606924204584
3546618339003112
3546620993997777
3546621805595457
3546623126801063
3546625238633269
3546625576274613
3546635481123397
3546637330811636
3546641739024876
3546644010240101
3546674265852016
3546676176358271
3546684030191968
3546684495760149
3546684780972732
3546694564186713
3546698766879531
3546699140172478
3546713314822238
3546721221086152
3546721908951711
3546722009614917
3546722296924585
3546724360522711
3546732459722813
3546740026247471
3546740999326337
3546744145054162
3546744887445836
3546745694849648
3546748341455392
3546752642713981
3546763644373361
3546767368915479
3546769772251929
3546770732747427
3546777095505970
3546786037762796
3546796938758650
3546810415057124
3546816068978893
3546821838244318
3546822865848638
3546824025573624
3546824937835319
3546838015675212
3546843369703468
3546846244899655
3546848631458307
3546853196958196
3546854623021335
3546856491583999
3546861562497875
3546866331420858
3546873182816644
3546876808792677
3546880550112046
3546885482613164
3546898329766660
3546907064404747
3546909318842748
3546921897560250
3546922084207049
3546924919556689
3546925968132839
3546931307481821
3546941923264553
3546943485643078
3546945347913895
3546949418486089
3546950892784476
3546951932971969
3546952830552441
3546956720769055
3546959461747263
3546959969258461
3546961309337900
3546972082407895
3632301783123985
3632301867010844
3632304301803697
3632304536684876
3632306524785316
3632306531076267
3632307770492990
3632312054975044
3632313040635975
3632314623986362
3632315209091101
3632315460749413
3632316077312960
3632319013324844
3632319782980432
3690969849400088
3690972965767225
3690973307603358
3690973309700344
3690978749712671
3690979718596849
3690985613691763
3690985995372711
3690987608082549
3690987702455025
3690988922997699
3690990227426098
3690991890467701
3690992251177822
3690993780000891
3690994428021541
3690995061361156
3690995971524619
3690997781367499
3691000033708702
3691006096574639
3691008290195704
3691008608963410
3691009930169075
3706947215821614
3706951282199035
3706953396128661
3706956409735980
3706958452361850
3706959794538667
3706960981526984
3706961872816890
3706962434853694
3706962541808282
3706962615208478
3706963621841030
3706965549123623
3706966337652994
3706974124378804
3706977754548358
3706980113844281
3706981487479244
3706982227773735
3706982569609663
3706984731773211
3706985765669198
3706990503135277
3706992862431834
3706994932320752
3707005703293490
3707008784009822
3707011889891844
3707012401597054
3707017464121650
3707018009381623
3707018776939194
3707022878968484
3707023787034783
3707025628334758
3707028488850257
3707038345464777
3707042831271948
3707043684813512
3707044871801110
3707046184618243
3707049936423247
3707054164281537
3707055659551172
3707056060106965
3707058744461605
3745009268428591
3745011826952850
3745064387874486
